$ANSIBLE_VAULT;1.1;AES256
64393865376136663434356331393435646437333037336431393662373063356535373462623962
3032326631653263616235353635336565613062636165660a366137666136623838313062616633
36313533643565643738626662316230343166393335323937626439616464323537303736613638
6665613331333732630a353932393230326434363066303465333335363162653465613064333466
39643165323137656364393562643133313639313038636631643333646130396536616464363063
36656266383163636332366564653532353730383437646562613463333965643663663566306638
65353166393332313336336537663265343437356565353739646437393231363661343737323637
31633434666364623437386466316561326231616132306539646533633262393461313963396434
61613963313634333533346534343665663031376366376166656564396661343932383864303136
65373138373634633935313532333366393362623761356264356330363131383435333062326362
36613265613732633530346338373035633436666266393632306231306432636233633362326562
37646664633236656461313936383865623132393233626234663430653264613838623230383265
62386563373562393535643937326233653966343733653330653038343162613734373762323830
61616636393166633364666165643565626130376339366232326234646438383630363066393463
38313033393964316461343761356335643333626432653537653661623466613233323531653435
62373838633333393336663336386265363835613137643232323139643432303738633131376631
62653166663563623737663635633864356564323931626165363064646433656635373234633538
37306136646463373439663565663431366333646262353565616466623066383430393333376534
62636565613937323631353461343463666234643539386263303962333437386138613636366265
38313930393039663630373766636132633265613130333464386530653839366165616232313066
64326633366337393036323362633638323035326134656233656630396461646439316636316666
34313034363664623637396463343563383333333539353762653063313530313663356335656234
61666139353063303438313836336636396236636230666137613963323263313631323432353463
37646364303833396636313762663236646266383239636631396536643864663635653333616538
62363835623235366539336537633739373262636531383532356662636430376235386636633332
32306361366336303737616630306639643166303932623632623538666166643837313937626539
36343239646434313937353564643538363465313835656531623864646665343232343235656339
65356238643231643266
